0.0322 0.0322 0.0322 
0.0322 0.0322 0.0322 
0.0322 0.0322 0.0322 
0.0323 0.0323 0.0323 
0.0323 0.0323 0.0323 
0.0323 0.0323 0.0323 
0.0323 0.0323 0.0323 
0.0323 0.0323 0.0323 
0.0324 0.0324 0.0324 
0.0324 0.0324 0.0324 
0.0324 0.0324 0.0324 
0.0325 0.0325 0.0325 
0.0325 0.0325 0.0325 
0.0325 0.0325 0.0325 
0.0325 0.0325 0.0325 
0.0326 0.0326 0.0326 
0.0326 0.0326 0.0326 
0.0326 0.0326 0.0326 
0.0326 0.0326 0.0326 
0.0326 0.0326 0.0326 
0.0326 0.0326 0.0326 
0.0326 0.0326 0.0326 
0.0325 0.0325 0.0325 
0.0325 0.0325 0.0325 
0.0325 0.0325 0.0325 
0.0325 0.0325 0.0325 
0.0324 0.0324 0.0324 
0.0324 0.0324 0.0324 
0.0324 0.0324 0.0324 
0.0324 0.0324 0.0324 
0.0323 0.0323 0.0323 
0.0323 0.0323 0.0323 
0.0322 0.0322 0.0322 
0.0322 0.0322 0.0322 
0.0322 0.0322 0.0322 
0.0321 0.0321 0.0321 
0.0320 0.0320 0.0320 
0.0318 0.0318 0.0318 
0.0316 0.0316 0.0316 
0.0314 0.0314 0.0314 
0.0313 0.0313 0.0313 
0.0312 0.0312 0.0312 
0.0312 0.0312 0.0312 
0.0311 0.0311 0.0311 
0.0310 0.0310 0.0310 
0.0310 0.0310 0.0310 
0.0309 0.0309 0.0309 
0.0309 0.0309 0.0309 
0.0308 0.0308 0.0308 
0.0308 0.0308 0.0308 
0.0307 0.0307 0.0307 
0.0308 0.0308 0.0308 
0.0309 0.0309 0.0309 
0.0310 0.0310 0.0310 
0.0312 0.0312 0.0312 
0.0315 0.0315 0.0315 
0.0321 0.0321 0.0321 
0.0327 0.0327 0.0327 
0.0333 0.0333 0.0333 
0.0339 0.0339 0.0339 
0.0342 0.0342 0.0342 
0.0343 0.0343 0.0343 
0.0346 0.0346 0.0346 
0.0349 0.0349 0.0349 
0.0352 0.0352 0.0352 
0.0352 0.0352 0.0352 
0.0353 0.0353 0.0353 
0.0356 0.0356 0.0356 
0.0362 0.0362 0.0362 
0.0366 0.0366 0.0366 
0.0366 0.0366 0.0366 
0.0368 0.0368 0.0368 
0.0372 0.0372 0.0372 
0.0379 0.0379 0.0379 
0.0389 0.0389 0.0389 
0.0402 0.0402 0.0402 
0.0421 0.0421 0.0421 
0.0446 0.0446 0.0446 
0.0457 0.0457 0.0457 
0.0463 0.0463 0.0463 
0.0471 0.0471 0.0471 
0.0482 0.0482 0.0482 
0.0483 0.0483 0.0483 
0.0485 0.0485 0.0485 
0.0487 0.0487 0.0487 
0.0488 0.0488 0.0488 
0.0491 0.0491 0.0491 
0.0494 0.0494 0.0494 
0.0499 0.0499 0.0499 
0.0508 0.0508 0.0508 
0.0516 0.0516 0.0516 
0.0515 0.0515 0.0515 
0.0516 0.0516 0.0516 
0.0517 0.0517 0.0517 
0.0520 0.0520 0.0520 
0.0522 0.0522 0.0522 
0.0522 0.0522 0.0522 
0.0523 0.0523 0.0523 
0.0524 0.0524 0.0524 
0.0526 0.0526 0.0526 
0.0531 0.0531 0.0531 
0.0531 0.0531 0.0531 
0.0531 0.0531 0.0531 
0.0532 0.0532 0.0532 
0.0533 0.0533 0.0533 
0.0537 0.0537 0.0537 
0.0546 0.0546 0.0546 
0.0539 0.0539 0.0539 
0.0540 0.0540 0.0540 
0.0543 0.0543 0.0543 
0.0546 0.0546 0.0546 
0.0546 0.0546 0.0546 
0.0550 0.0550 0.0550 
0.0555 0.0555 0.0555 
0.0555 0.0555 0.0555 
0.0556 0.0556 0.0556 
0.0563 0.0563 0.0563 
0.0563 0.0563 0.0563 
0.0568 0.0568 0.0568 
0.0567 0.0567 0.0567 
0.0577 0.0577 0.0577 
0.0577 0.0577 0.0577 
0.0576 0.0576 0.0576 
0.0578 0.0578 0.0578 
0.0580 0.0580 0.0580 
0.0585 0.0585 0.0585 
0.0585 0.0585 0.0585 
0.0589 0.0589 0.0589 
0.0590 0.0590 0.0590 
0.0593 0.0593 0.0593 
0.0601 0.0601 0.0601 
0.0600 0.0600 0.0600 
0.0603 0.0603 0.0603 
0.0604 0.0604 0.0604 
0.0608 0.0608 0.0608 
0.0610 0.0610 0.0610 
0.0609 0.0609 0.0609 
0.0612 0.0612 0.0612 
0.0621 0.0621 0.0621 
0.0618 0.0618 0.0618 
0.0618 0.0618 0.0618 
0.0623 0.0623 0.0623 
0.0621 0.0621 0.0621 
0.0623 0.0623 0.0623 
0.0631 0.0631 0.0631 
0.0632 0.0632 0.0632 
0.0634 0.0634 0.0634 
0.0637 0.0637 0.0637 
0.0643 0.0643 0.0643 
0.0639 0.0639 0.0639 
0.0640 0.0640 0.0640 
0.0640 0.0640 0.0640 
0.0653 0.0653 0.0653 
0.0650 0.0650 0.0650 
0.0656 0.0656 0.0656 
0.0657 0.0657 0.0657 
0.0664 0.0664 0.0664 
0.0668 0.0668 0.0668 
0.0662 0.0662 0.0662 
0.0663 0.0663 0.0663 
0.0665 0.0665 0.0665 
0.0673 0.0673 0.0673 
0.0674 0.0674 0.0674 
0.0686 0.0686 0.0686 
0.0678 0.0678 0.0678 
0.0678 0.0678 0.0678 
0.0686 0.0686 0.0686 
0.0683 0.0683 0.0683 
0.0696 0.0696 0.0696 
0.0697 0.0697 0.0697 
0.0695 0.0695 0.0695 
0.0701 0.0701 0.0701 
0.0708 0.0708 0.0708 
0.0710 0.0710 0.0710 
0.0712 0.0712 0.0712 
0.0707 0.0707 0.0707 
0.0713 0.0713 0.0713 
0.0722 0.0722 0.0722 
0.0722 0.0722 0.0722 
0.0717 0.0717 0.0717 
0.0769 0.0769 0.0769 
0.0729 0.0729 0.0729 
0.0787 0.0787 0.0787 
0.0773 0.0773 0.0773 
0.0750 0.0750 0.0750 
0.0775 0.0775 0.0775 
0.0795 0.0795 0.0795 
0.0796 0.0796 0.0796 
0.0792 0.0792 0.0792 
0.0798 0.0798 0.0798 
0.0802 0.0802 0.0802 
0.0799 0.0799 0.0799 
0.0804 0.0804 0.0804 
0.0797 0.0797 0.0797 
0.0800 0.0800 0.0800 
0.0794 0.0794 0.0794 
0.0793 0.0793 0.0793 
0.0836 0.0836 0.0836 
0.0792 0.0792 0.0792 
0.0787 0.0787 0.0787 
0.0790 0.0790 0.0790 
0.0801 0.0801 0.0801 
0.0813 0.0813 0.0813 
0.0800 0.0800 0.0800 
0.0801 0.0801 0.0801 
0.0796 0.0796 0.0796 
0.0804 0.0804 0.0804 
0.0790 0.0790 0.0790 
0.0812 0.0812 0.0812 
0.0835 0.0835 0.0835 
0.0804 0.0804 0.0804 
0.0824 0.0824 0.0824 
0.0811 0.0811 0.0811 
0.0810 0.0810 0.0810 
0.0810 0.0810 0.0810 
0.0830 0.0830 0.0830 
0.0824 0.0824 0.0824 
0.0817 0.0817 0.0817 
0.0791 0.0791 0.0791 
0.0806 0.0806 0.0806 
0.0801 0.0801 0.0801 
0.0826 0.0826 0.0826 
0.0813 0.0813 0.0813 
0.0820 0.0820 0.0820 
0.0804 0.0804 0.0804 
0.0803 0.0803 0.0803 
0.0818 0.0818 0.0818 
0.0843 0.0843 0.0843 
0.0812 0.0812 0.0812 
0.0820 0.0820 0.0820 
0.0803 0.0803 0.0803 
0.0780 0.0780 0.0780 
0.0779 0.0779 0.0779 
0.0819 0.0819 0.0819 
0.0805 0.0805 0.0805 
0.0831 0.0831 0.0831 
0.0835 0.0835 0.0835 
0.0811 0.0811 0.0811 
0.0840 0.0840 0.0840 
0.0843 0.0843 0.0843 
0.0825 0.0825 0.0825 
0.0828 0.0828 0.0828 
0.0808 0.0808 0.0808 
0.0810 0.0810 0.0810 
0.0796 0.0796 0.0796 
0.0796 0.0796 0.0796 
0.0829 0.0829 0.0829 
0.0811 0.0811 0.0811 
0.0836 0.0836 0.0836 
0.0818 0.0818 0.0818 
0.0799 0.0799 0.0799 
0.0821 0.0821 0.0821 
0.0797 0.0797 0.0797 
0.0817 0.0817 0.0817 
0.0818 0.0818 0.0818 
0.0793 0.0793 0.0793 
0.0810 0.0810 0.0810 
0.0802 0.0802 0.0802 
0.0806 0.0806 0.0806 
0.0800 0.0800 0.0800 
0.0784 0.0784 0.0784 
0.0802 0.0802 0.0802 
0.0819 0.0819 0.0819 
0.0830 0.0830 0.0830 
0.0830 0.0830 0.0830 
0.0799 0.0799 0.0799 
0.0812 0.0812 0.0812 
0.0806 0.0806 0.0806 
0.0810 0.0810 0.0810 
0.0788 0.0788 0.0788 
0.0820 0.0820 0.0820 
0.0791 0.0791 0.0791 
0.0798 0.0798 0.0798 
0.0784 0.0784 0.0784 
0.0846 0.0846 0.0846 
0.0841 0.0841 0.0841 
0.0832 0.0832 0.0832 
0.0830 0.0830 0.0830 
0.0802 0.0802 0.0802 
0.0811 0.0811 0.0811 
0.0820 0.0820 0.0820 
0.0830 0.0830 0.0830 
0.0837 0.0837 0.0837 
0.0807 0.0807 0.0807 
0.0814 0.0814 0.0814 
0.0815 0.0815 0.0815 
0.0800 0.0800 0.0800 
0.0841 0.0841 0.0841 
0.0839 0.0839 0.0839 
0.0807 0.0807 0.0807 
0.0828 0.0828 0.0828 
0.0802 0.0802 0.0802 
0.0837 0.0837 0.0837 
0.0786 0.0786 0.0786 
0.0801 0.0801 0.0801 
0.0806 0.0806 0.0806 
0.0822 0.0822 0.0822 
0.0809 0.0809 0.0809 
0.0801 0.0801 0.0801 
0.0784 0.0784 0.0784 
0.0767 0.0767 0.0767 
0.0751 0.0751 0.0751 
0.0768 0.0768 0.0768 
0.0651 0.0651 0.0651 
0.0653 0.0653 0.0653 
0.0656 0.0656 0.0656 
0.0571 0.0571 0.0571 
0.0617 0.0617 0.0617 
0.0668 0.0668 0.0668 
0.0651 0.0651 0.0651 
0.0631 0.0631 0.0631 
0.0564 0.0564 0.0564 
0.0577 0.0577 0.0577 
0.0500 0.0500 0.0500 
0.0531 0.0531 0.0531 
0.0573 0.0573 0.0573 
0.0633 0.0633 0.0633 
0.0553 0.0553 0.0553 
0.0585 0.0585 0.0585 
0.0546 0.0546 0.0546 
0.0544 0.0544 0.0544 
0.0518 0.0518 0.0518 
0.0501 0.0501 0.0501 
0.0507 0.0507 0.0507 
0.0596 0.0596 0.0596 
0.0534 0.0534 0.0534 
0.0537 0.0537 0.0537 
0.0556 0.0556 0.0556 
0.0562 0.0562 0.0562 
0.0548 0.0548 0.0548 
0.0561 0.0561 0.0561 
0.0533 0.0533 0.0533 
0.0540 0.0540 0.0540 
0.0519 0.0519 0.0519 
0.0570 0.0570 0.0570 
0.0576 0.0576 0.0576 
0.0530 0.0530 0.0530 
0.0549 0.0549 0.0549 
0.0557 0.0557 0.0557 
0.0539 0.0539 0.0539 
0.0572 0.0572 0.0572 
0.0541 0.0541 0.0541 
0.0539 0.0539 0.0539 
0.0567 0.0567 0.0567 
0.0570 0.0570 0.0570 
0.0521 0.0521 0.0521 
0.0524 0.0524 0.0524 
0.0527 0.0527 0.0527 
0.0533 0.0533 0.0533 
0.0541 0.0541 0.0541 
0.0543 0.0543 0.0543 
0.0584 0.0584 0.0584 
0.0560 0.0560 0.0560 
0.0555 0.0555 0.0555 
0.0527 0.0527 0.0527 
0.0526 0.0526 0.0526 
0.0519 0.0519 0.0519 
0.0515 0.0515 0.0515 
0.0506 0.0506 0.0506 
0.0472 0.0472 0.0472 
0.0530 0.0530 0.0530 
0.0556 0.0556 0.0556 
0.0519 0.0519 0.0519 
0.0570 0.0570 0.0570 
0.0555 0.0555 0.0555 
0.0510 0.0510 0.0510 
0.0534 0.0534 0.0534 
0.0519 0.0519 0.0519 
0.0550 0.0550 0.0550 
0.0523 0.0523 0.0523 
0.0515 0.0515 0.0515 
0.0499 0.0499 0.0499 
0.0503 0.0503 0.0503 
0.0520 0.0520 0.0520 
0.0507 0.0507 0.0507 
0.0571 0.0571 0.0571 
0.0581 0.0581 0.0581 
0.0546 0.0546 0.0546 
0.0496 0.0496 0.0496 
0.0500 0.0500 0.0500 
0.0546 0.0546 0.0546 
0.0513 0.0513 0.0513 
0.0502 0.0502 0.0502 
0.0522 0.0522 0.0522 
0.0524 0.0524 0.0524 
0.0547 0.0547 0.0547 
0.0507 0.0507 0.0507 
0.0528 0.0528 0.0528 
0.0473 0.0473 0.0473 
0.0488 0.0488 0.0488 
0.0489 0.0489 0.0489 
0.0550 0.0550 0.0550 
0.0505 0.0505 0.0505 
0.0499 0.0499 0.0499 
0.0493 0.0493 0.0493 
0.0534 0.0534 0.0534 
0.0578 0.0578 0.0578 
0.0550 0.0550 0.0550 
0.0515 0.0515 0.0515 
0.0528 0.0528 0.0528 
0.0518 0.0518 0.0518 
0.0493 0.0493 0.0493 
0.0509 0.0509 0.0509 
0.0527 0.0527 0.0527 
0.0523 0.0523 0.0523 
0.0484 0.0484 0.0484 
0.0465 0.0465 0.0465 
0.0459 0.0459 0.0459 
0.0454 0.0454 0.0454 
0.0476 0.0476 0.0476 
0.0478 0.0478 0.0478 
0.0490 0.0490 0.0490 
0.0504 0.0504 0.0504 
0.0513 0.0513 0.0513 
0.0500 0.0500 0.0500 
0.0557 0.0557 0.0557 
0.0547 0.0547 0.0547 
0.0542 0.0542 0.0542 
0.0468 0.0468 0.0468 
0.0494 0.0494 0.0494 
0.0534 0.0534 0.0534 
0.0478 0.0478 0.0478 
0.0490 0.0490 0.0490 
0.0503 0.0503 0.0503 
0.0565 0.0565 0.0565 
0.0581 0.0581 0.0581 
0.0521 0.0521 0.0521 
0.0504 0.0504 0.0504 
0.0490 0.0490 0.0490 
0.0474 0.0474 0.0474 
0.0483 0.0483 0.0483 
0.0492 0.0492 0.0492 
0.0465 0.0465 0.0465 
0.0495 0.0495 0.0495 
0.0490 0.0490 0.0490 
0.0476 0.0476 0.0476 
0.0464 0.0464 0.0464 
0.0468 0.0468 0.0468 
0.0496 0.0496 0.0496 
0.0494 0.0494 0.0494 
0.0493 0.0493 0.0493 
0.0583 0.0583 0.0583 
0.0545 0.0545 0.0545 
0.0523 0.0523 0.0523 
0.0545 0.0545 0.0545 
0.0465 0.0465 0.0465 
0.0501 0.0501 0.0501 
0.0509 0.0509 0.0509 
0.0535 0.0535 0.0535 
0.0613 0.0613 0.0613 
0.0458 0.0458 0.0458 
0.0519 0.0519 0.0519 
0.0467 0.0467 0.0467 
0.0449 0.0449 0.0449 
0.0460 0.0460 0.0460 
0.0469 0.0469 0.0469 
0.0414 0.0414 0.0414 
0.0556 0.0556 0.0556 
0.0475 0.0475 0.0475 
0.0459 0.0459 0.0459 
0.0484 0.0484 0.0484 
0.0462 0.0462 0.0462 
0.0456 0.0456 0.0456 
0.0501 0.0501 0.0501 
0.0495 0.0495 0.0495 
0.0509 0.0509 0.0509 
0.0493 0.0493 0.0493 
0.0485 0.0485 0.0485 
0.0428 0.0428 0.0428 
0.0444 0.0444 0.0444 
0.0489 0.0489 0.0489 
0.0461 0.0461 0.0461 
0.0405 0.0405 0.0405 
0.0493 0.0493 0.0493 
0.0567 0.0567 0.0567 
0.0470 0.0470 0.0470 
0.0485 0.0485 0.0485 
0.0463 0.0463 0.0463 
0.0435 0.0435 0.0435 
0.0502 0.0502 0.0502 
0.0532 0.0532 0.0532 
0.0421 0.0421 0.0421 
0.0483 0.0483 0.0483 
0.0477 0.0477 0.0477 
0.0518 0.0518 0.0518 
0.0488 0.0488 0.0488 
