2.7786
-2408.7124
-34049.0664
-119384.8672
-323509.8750
-737198.1875
-1479776.8750
-2696996.5000
-4522358.0000
-7029927.0000
-9995050.0000
-12455332.0000
-12064920.0000
-9888970.0000
-10639352.0000
-12575128.0000
-13804592.0000
-14023795.0000
-13756801.0000
-13507148.0000
-13555292.0000
-13891876.0000
-14500526.0000
-15245357.0000
-15921726.0000
-16320511.0000
-16384144.0000
-16358836.0000
-16605570.0000
-17188498.0000
-16938298.0000
-17600656.0000
-17895896.0000
-18079412.0000
-18338770.0000
-18557370.0000
-19049220.0000
-19565014.0000
-19998652.0000
-20315776.0000
-21287736.0000
-21672576.0000
-22148004.0000
-22627422.0000
-23034368.0000
-23393624.0000
-23790876.0000
-24273486.0000
-24812308.0000
-25355922.0000
-25924116.0000
-26542848.0000
-27248496.0000
-27980632.0000
-28685068.0000
-29617184.0000
-29949272.0000
-30791562.0000
-31284038.0000
-31389300.0000
-31435540.0000
-31017892.0000
-30853088.0000
-30966040.0000
-31304248.0000
-31773288.0000
-32120138.0000
-32317332.0000
-32414182.0000
-32508958.0000
-32818736.0000
-32833514.0000
-32855038.0000
-32883650.0000
-32937962.0000
-33024836.0000
-33132812.0000
-33248638.0000
-33370196.0000
-33487010.0000
-32768772.0000
-32824964.0000
-32881068.0000
-32936552.0000
-32995964.0000
-33066052.0000
-33140452.0000
-33210700.0000
-33278114.0000
-33344196.0000
-33820728.0000
-33881296.0000
-33949264.0000
-34015996.0000
-34083864.0000
-34147168.0000
-34203224.0000
-34255492.0000
-34311860.0000
-34368280.0000
1.3092
-258.3247
-8636.1699
-33584.4336
-107585.7422
-274713.0000
-609269.1250
-1227306.6250
-2265716.5000
-3861528.0000
-5954630.5000
-8696163.0000
-11345106.0000
-12113489.0000
-9754788.0000
-10372964.0000
-12035800.0000
-13484568.0000
-13940181.0000
-13741547.0000
-13422420.0000
-13395712.0000
-13693961.0000
-14267543.0000
-14985093.0000
